0,823
13,18
10,7
16,8
13,16
16,1
17,5
15,9
13,15
16,6
17,8
13,14
15,5
16,2
17,7
13,13
14,9
17,1
15,7
16,5
13,12
14,5
15,1
17,6
13,9
14,7
13,2
15,6
14,1
88,5
30,1
10,42
88,1
14,6
10,6
30,7
88,6
10,1
29,1
30,5
8,7
29,5
8,6
13,129
8,5
8,2
13,37
8,1
13,8
6,6
13,132
6,5
6,2
13,7
6,1
13,130
5,6
13,1
5,5
13,79
5,2
13,5
5,1
13,6
2,5
2,2
18,5
2,1
18,7
0,383
18,1
0,364
0,335
18,6
0,308
0,305
0,340
0,10
0,311
0,310
0,0
0,307
0,306
0,13
0,339
0,11
0,9
138,34
138,33
138,32
138,31
138,30
138,29
138,28
138,27
138,26
138,25
138,24
138,23
138,22
138,21
138,20
138,19
138,18
138,17
138,16
138,15
138,14
138,13
138,12
138,11
138,10
138,9
138,8
138,7
138,6
138,5
138,4
138,3
138,2
138,0
0,484
0,469
0,303
0,483
0,468
0,302
0,822
0,467
0,301
0,776
0,466
0,300
0,482
0,465
0,299
0,481
0,464
0,298
0,480
0,463
0,297
0,821
0,462
0,296
0,820
0,461
0,295
0,479
0,460
0,294
0,478
0,459
0,293
0,477
0,458
0,292
0,775
0,457
0,291
0,819
0,456
0,290
0,453
0,455
0,289
0,802
0,493
0,288
0,781
0,452
0,287
0,476
0,451
0,286
0,454
0,450
0,285
0,774
0,449
0,284
0,818
0,447
